[ 5.06879060e-22  3.87548244e-22  1.91316959e-21  4.18758554e-22
  2.36521587e-21  1.33564162e-21  5.78654559e-22  1.25688784e-21
  1.14669069e-21  1.41361877e-22  1.98777113e-21  7.99924882e-22
  8.50820675e-23  2.92653825e-21  1.83021527e-21  1.75021965e-21
 -2.89602985e-22  9.14414905e-22  1.61454442e-21  1.54768396e-21
  5.55119541e-22  7.22912399e-22  6.03286261e-22  1.76322516e-21
  1.76948082e-21  1.26111303e-21 -2.45408362e-22 -4.70875486e-23
  5.63303242e-22 -2.05164957e-22 -1.02310062e-22  1.61525872e-21
  3.15638575e-21 -6.64294272e-23 -3.67724405e-22  2.10387362e-21
  1.30445670e-22  1.57143571e-22 -1.63529682e-21 -3.29602416e-21
 -5.73930013e-22  4.44876284e-22  8.14786943e-24  2.19247613e-22
 -8.22047782e-22 -1.00345843e-21 -5.53246355e-22 -1.10047862e-21
  1.26374763e-22 -5.84934114e-22 -1.15070341e-21 -5.91222086e-23
  9.83739259e-22 -1.01563394e-22 -6.48188761e-23  7.14067254e-22
 -4.29683185e-22 -3.39043350e-22  3.43889461e-22 -4.05123945e-22
 -1.51704503e-21  2.13318024e-23  7.30314429e-22 -2.52699482e-21
  5.06172117e-22 -1.53632809e-21 -8.02640033e-22 -1.28798652e-21
 -9.50266617e-22 -5.53788351e-22  2.05895183e-22 -1.38200122e-21
  9.75014961e-23 -5.76467439e-22  4.46261795e-22 -1.97917376e-21
 -6.22483328e-22 -4.20820791e-23  6.39417696e-22 -5.63676048e-22
 -2.30194310e-21 -2.90017823e-21 -2.28673850e-21 -1.34952844e-21
 -4.18313192e-22  9.14961658e-23  2.90307854e-22 -6.54176181e-23
 -5.78479700e-22 -6.20337141e-22  2.22437677e-22 -3.72727847e-22
  1.64336240e-22 -9.20053680e-22 -4.55032173e-22 -2.42344259e-21
 -2.63901401e-22  1.09814984e-23  2.49521237e-22 -4.76455000e-22
  3.68009108e-22 -1.06237514e-21 -5.06248700e-22 -1.27215241e-22
  1.40804834e-21  9.03957982e-23 -1.01655695e-22  6.53850203e-22
  1.99760238e-21 -2.84805583e-24  1.34930291e-21  1.89651790e-21
  7.36748703e-22  3.09835421e-21  1.13723633e-21  6.51246747e-22
 -4.73786347e-22  6.57845302e-22 -1.42683356e-22  1.26244890e-21
  1.17421744e-21  1.00004565e-21  8.42265035e-22  2.93639489e-21
 -2.02462914e-22 -7.77049808e-22  1.39901320e-21  3.68989831e-22
  8.48295755e-22 -2.52112598e-22  1.40362638e-21 -1.25944055e-21
 -3.89841724e-22  1.65895376e-21  1.78471323e-22 -4.19235808e-22
  5.11766960e-22  8.86726729e-22  4.31207550e-22 -5.59014577e-22
  7.86809930e-22  1.14971486e-21  5.74581292e-22 -1.27711305e-21
  9.06422965e-22  5.29295195e-22 -8.68520285e-22 -1.49604311e-21
  2.11770954e-22 -2.14744904e-21 -1.77696114e-22 -8.79846936e-22
  7.54836858e-22 -1.07003906e-21 -9.50499336e-22 -3.82937461e-22
  1.71918409e-22 -2.65161044e-21  1.51247735e-22 -1.93129354e-21
 -1.22701618e-21 -1.14818032e-22  2.33157658e-22 -2.01011484e-21
 -1.59624929e-21  1.85302631e-22 -2.13154675e-21 -2.12194952e-21
 -1.60103002e-21 -1.20848263e-21 -8.57192782e-22  9.59122269e-22
 -1.69400106e-21 -1.29633466e-21  1.31236438e-22 -1.27774567e-21
  4.56526696e-22 -9.48601950e-22 -1.79204511e-21  9.73827264e-22
 -1.14215235e-22 -5.71399075e-22 -8.38335979e-23 -1.96332110e-22
 -9.55307811e-22  1.05607463e-21  1.11845332e-21 -4.64503619e-22
 -1.09996908e-21  1.06339084e-21  8.28897614e-22 -1.45656313e-21
  2.50831206e-22  3.89898204e-22 -9.29036594e-22  1.43242866e-22
 -1.33223172e-21  3.17967763e-22 -4.46027878e-22 -4.09065058e-22
  6.13037307e-22  1.29876868e-21  5.96838005e-22 -2.16481760e-22
 -1.34865223e-22 -1.48607052e-22  1.33366838e-21  1.40173317e-21
  3.74810223e-21  7.13602790e-22  2.22725734e-21  4.05199027e-22
  1.27317712e-21  1.37766052e-21  3.87277491e-22  3.74000160e-22
 -2.87618361e-22  1.15301041e-21 -1.01557683e-22 -3.36756722e-22
  4.38802732e-22  2.57445996e-22  1.25353063e-21 -5.78378810e-22
  1.88487773e-22  1.89292726e-22  2.27481496e-21  2.25164223e-25
  1.72770004e-22  9.50745513e-22  3.48943335e-22 -1.56009561e-25
  3.85565285e-22  4.47252903e-22  1.87173310e-21 -3.33489787e-22
 -5.35398187e-23  1.07739535e-22  6.67830331e-22  7.41979651e-22
  1.34215071e-21 -1.18053102e-22  1.19355087e-21 -1.91003211e-22
 -1.86802220e-21 -3.33621809e-22  1.41397923e-22 -1.90192682e-21
 -2.45557817e-21 -5.83907167e-23 -2.30373278e-22 -2.00995228e-21
  7.41458269e-23 -1.70041575e-21  7.16774674e-22 -8.84842663e-22
 -8.34564947e-22 -2.91998322e-22 -1.60614320e-21 -1.41237360e-21
 -1.42938706e-21 -3.76329354e-22 -1.42728454e-21 -1.02754527e-21
 -1.85994283e-21 -3.95359181e-22 -1.71588945e-21  6.10787867e-22
 -1.73371240e-21 -6.90042756e-22 -1.53212617e-21 -4.17067563e-23
 -1.73243913e-23 -9.65114924e-22 -1.26361038e-21 -3.66558507e-21
 -1.07494786e-21 -2.35621803e-21  4.71042544e-22 -3.73390625e-22
 -8.59126271e-23  6.91511539e-22 -1.61470820e-21 -4.00948398e-22
 -1.40872123e-22 -8.79693835e-22 -2.82124111e-22  5.67558850e-23
 -5.63380694e-22 -1.01674436e-22  1.27459155e-22  1.62307789e-21
 -6.58298335e-22  1.03227344e-21 -1.75630857e-22 -9.96715277e-22
  1.49618452e-21  2.80307801e-22  6.31088141e-22  1.06672079e-22
  5.01996449e-22 -4.21714412e-23  8.73869100e-22 -1.06596593e-21
  2.04208633e-21  1.30045236e-21 -7.35914484e-22  1.10977651e-21
  2.10623352e-21  9.37613157e-22  1.10475270e-21  1.49358963e-21
 -7.43575738e-22  2.01272792e-23  9.10215757e-22 -4.85672671e-23
  1.00175119e-22  1.88682007e-21  1.92446360e-21 -3.12740795e-22
  1.60700166e-21  1.96125752e-21  5.10729896e-22 -3.86339893e-23
 -3.60029160e-23  1.43661186e-21  1.42745464e-21  1.33244222e-21
  7.20452034e-22  1.52223363e-21  6.12565383e-22 -6.01608036e-22
 -6.68208404e-22  1.06598382e-21  1.01284561e-21  2.23273737e-21
 -8.08208161e-22  1.62754981e-21 -3.67683378e-22  2.16595428e-22
  1.56618586e-22  3.88755459e-22 -1.13390007e-21  6.67753800e-22
  7.53847974e-22  3.80739963e-22 -1.90552812e-22  6.97243461e-22
 -3.46407386e-22  8.50284465e-22  2.08867272e-22  1.10872907e-21
  4.30644121e-22 -7.05272527e-22 -1.46215849e-21 -1.20459824e-21
  3.82997413e-22  1.10328401e-22  5.89335403e-22 -1.46569603e-21
 -1.30473819e-21 -7.99593918e-24 -2.00559469e-21 -6.50933269e-22
  8.32096484e-24 -9.23018070e-22 -2.56782569e-21 -1.15248872e-22
  8.62627173e-22 -1.03796898e-21 -1.69647782e-21 -1.15956941e-21
 -1.95795822e-21 -6.75830600e-23 -1.58874605e-21 -1.62764541e-21
  3.82992122e-22  1.65443262e-23 -6.27624594e-22 -1.52776724e-21
  5.58877924e-22  4.18870512e-22  2.81276223e-22  9.48653162e-22
 -1.29942877e-21  1.27210808e-22 -8.45161399e-22 -2.26953692e-22
  1.35893585e-21 -1.07428665e-21 -9.41939986e-22  1.39348363e-22
  1.00053361e-22  1.86821826e-22 -2.68483282e-22  1.50896614e-21
 -8.88921468e-22  5.44927892e-23 -1.86937392e-21  9.88110989e-22
 -1.36442056e-22  1.36764236e-21  6.49488844e-22 -5.78849587e-22
  1.48087938e-21  1.51289216e-21  5.20349231e-22 -7.69625045e-23
 -1.38415984e-21  1.61974465e-21 -5.89766808e-22  1.46232860e-21
  5.80591004e-22  8.90076371e-22  1.83198158e-21  6.27220834e-22
  2.17931871e-21  1.19792013e-21  3.37767687e-22  2.55578325e-21
  7.36460557e-22  1.42730107e-21  2.37930871e-21  5.49455996e-22
  9.73345047e-22  1.94852489e-22  2.32932602e-21  3.01677740e-22
 -8.82598922e-22  1.39447328e-21 -1.47255297e-24  5.41792731e-22
 -1.42913852e-21  1.26339363e-21  2.13585218e-21  1.78114408e-22
 -4.41662510e-22  1.05916018e-21 -7.05295853e-22 -6.77781871e-22
 -8.21255404e-22  7.60421770e-22  2.93664748e-22 -4.59850127e-23
  6.50046930e-22  1.43246749e-22 -8.16703705e-22 -7.51440068e-22
 -3.26891811e-22 -4.70148444e-23  3.35791295e-22 -2.79918889e-22
 -5.75916056e-24  3.63548129e-22  7.25892244e-22  7.59499878e-22
 -9.32280030e-22 -6.16871175e-24 -7.67983300e-22 -2.30927228e-21
  1.12612112e-22  2.73766282e-22 -3.57676534e-22 -7.21561314e-22
 -1.26578582e-21 -1.82409196e-22 -9.86490980e-22 -1.78737312e-22
  2.04002592e-21 -2.24284108e-21 -2.38229967e-21 -1.80162792e-22
 -1.47643895e-21 -7.81326986e-22 -2.70399776e-21 -1.46383272e-21
  1.96692041e-22 -1.01784104e-21  5.88081735e-22 -1.60922721e-21
 -1.17148739e-21  8.78597569e-22 -3.39260675e-22  2.46442964e-23
 -9.57961750e-22 -1.48037367e-21  3.96690057e-22  2.66095629e-22
 -6.81422259e-22  1.52201895e-21 -5.05867630e-22 -2.46478775e-21
 -1.13888236e-21  4.01471965e-22 -2.60109358e-23  1.92005357e-21
 -8.29463274e-22  1.54026117e-21  6.09818775e-22 -4.54284288e-22
  2.57488033e-21  4.61644203e-22  8.16973425e-22 -1.80028644e-21
  7.51629627e-22  5.43721060e-22  4.43245474e-22  1.07902215e-21
  1.68373943e-21 -1.67541176e-21  1.66138746e-21  1.17354712e-21
  6.58019533e-22  2.72924311e-21 -8.73630754e-22  3.33790266e-21
  4.44867469e-22  8.16184390e-22  1.46995070e-21  1.12320909e-21
  1.94706091e-21  6.01160617e-22  1.55485650e-21 -1.61061995e-22
  8.71858151e-22  1.95982547e-21  1.48176434e-21 -1.97403138e-21
 -3.17255309e-22 -1.84860559e-21  1.51933772e-21  7.14735330e-22
 -6.55041889e-23  7.74020233e-22  1.87646340e-22  2.25518590e-23
  1.71729348e-21  3.78555865e-21 -5.03152298e-22 -8.74319925e-23
 -8.04120709e-22  4.22821468e-22 -1.18804869e-22  2.26559626e-21
  1.04781893e-21  2.89460444e-22 -3.45976821e-22 -2.97782695e-22
 -1.86553150e-21 -1.78081696e-21 -7.35705743e-22  6.44308426e-22
 -1.62385007e-21 -3.33731814e-21 -1.15512552e-21 -9.36464356e-22
 -1.45351642e-21 -1.58384432e-21 -9.82467078e-22 -5.61397127e-22
  7.06109410e-22 -7.90830965e-22  3.12851004e-22 -6.14453055e-22
 -1.41456615e-21 -1.97204736e-21 -3.86480822e-22 -9.49815989e-22
 -9.95659868e-22 -9.95762002e-22 -1.98229934e-21 -2.17235620e-23
 -1.05706353e-21 -2.28104284e-21 -2.28152732e-21  3.04655138e-23
  4.34250697e-23 -1.39999009e-21 -2.02385406e-21  3.62569044e-22
 -1.63702023e-22 -2.64468717e-21  2.41503300e-22 -2.30860282e-21
  3.40549223e-22 -3.81665673e-22  3.12792342e-22  2.31812082e-21
  4.22244813e-22  1.25005470e-21 -4.30402079e-22  1.68396127e-21
 -9.51084103e-22  3.77593189e-22  2.02232353e-21 -7.32778245e-22
  3.08290117e-22 -6.32637503e-22  3.64884651e-22 -1.86498506e-22
  2.13602619e-21  1.61005069e-21  1.94399308e-21  6.21518292e-22
 -1.00290606e-22  1.41551560e-21  3.28857170e-21 -4.99115072e-22
  8.41759816e-22  4.31340865e-22  1.55642551e-21  7.97066158e-22
  1.19772069e-21  1.08585534e-21  1.08099629e-21  1.47877999e-21
  1.25406674e-21  4.36629291e-22  1.04777106e-21 -1.30979070e-21
  1.74355729e-21  1.77445316e-21  1.09369544e-21  2.36128467e-21
  1.31001317e-21  1.07664376e-21  9.16357903e-22 -3.69627146e-22
  1.85302653e-21 -3.37224603e-22 -5.35322330e-22  7.72521719e-22
  1.88478910e-22 -1.44914706e-21 -1.54687790e-21  3.84575504e-22
 -4.14987405e-22 -5.83440163e-22 -1.95745160e-23  9.47536831e-22
  6.87305528e-22 -6.79118925e-22  1.93780830e-22  9.42918312e-22
 -5.52195543e-22  7.73356923e-22 -4.30036510e-22 -4.39168220e-22
 -1.80741869e-21  4.74240474e-22 -1.92059994e-21 -1.95752966e-21
 -1.20164939e-21 -1.66343807e-21  4.22820513e-22 -4.97125900e-22
  3.40337876e-22 -8.03999055e-22 -1.62507597e-21  1.24988788e-22
 -1.22406635e-21 -1.45800661e-21 -1.59288831e-21 -8.75595043e-23
 -2.97151463e-21 -1.09688702e-21  5.63690597e-22 -2.14636632e-22
 -7.12455637e-22 -1.25920938e-21 -2.10510589e-21 -1.61148666e-21
 -1.72919909e-21 -4.02366949e-22  5.46420198e-22  9.29046134e-22
 -7.38364614e-23 -2.01035408e-21  2.00561415e-21  2.16168658e-23
  2.33318825e-21 -2.56873163e-21 -7.59468931e-22  4.39990826e-22
  5.02160168e-22  1.39830095e-21  3.20302915e-22 -1.29135152e-21
  2.26145891e-22  6.09623484e-23  1.96351311e-21 -7.82106820e-22
  9.12027838e-22  8.25655425e-22 -1.69039945e-22  1.25326177e-21
  9.94979608e-22  3.63099271e-23 -4.63999533e-22 -6.45820890e-22
  1.28463389e-21  1.46169359e-21  2.40334445e-21  4.04286938e-22
  1.70833500e-21  1.33169380e-21  6.68890896e-22  2.66340655e-21
  1.93732413e-22  3.63051350e-21  2.52146594e-21  7.51679845e-22
  2.98705681e-22  1.24035134e-21  3.99199257e-22 -9.28331331e-22
  5.69669152e-22  1.54188323e-22  6.59016371e-22  9.35413772e-22
  1.31194052e-21  1.67723191e-21  1.46168262e-21  1.04475261e-21
  6.21702525e-22  3.66773399e-22  1.69187002e-21 -1.48674303e-22
  6.04380783e-22 -9.45012824e-22 -1.09264256e-21  3.95340946e-22
 -9.79882610e-22  1.34973959e-21  1.18850706e-21 -2.10938874e-22
  5.73956753e-22 -2.22153401e-21 -1.62593159e-22 -1.62114171e-21
  8.65952855e-22 -7.25075117e-22 -2.15387395e-21 -8.13763617e-22
 -1.47610445e-21 -7.01451212e-22 -7.90579018e-22 -1.04452875e-21
 -2.17295208e-22 -6.11775290e-22  2.11208182e-21  5.96779168e-22
 -1.09089151e-21 -1.86395745e-22 -1.61351892e-21 -3.09511826e-21
 -1.73751735e-21 -1.76539471e-21 -4.94146881e-22  8.34446435e-22
 -6.12334012e-22 -1.80224774e-21 -4.17030153e-22 -1.02708997e-22
 -9.56292782e-22 -1.29085779e-21  1.17835227e-22 -1.10984120e-21
 -6.13891973e-22 -5.10078075e-22 -1.92912675e-22 -3.16967915e-21
  1.57420533e-23 -1.45845365e-21 -3.04007514e-21 -1.17074067e-22
  1.00843835e-21 -8.49995335e-23 -9.58657250e-22  1.17721368e-21
 -9.19910813e-22 -1.00029602e-21  5.20235573e-22 -3.77495595e-22
 -2.61327457e-22 -4.21412890e-22  8.55638407e-22 -1.73161687e-22
 -3.76796876e-22  1.50153753e-21 -3.14893160e-23  2.36809811e-21
  8.94667606e-22  9.24324315e-22  1.21096106e-21  1.84553464e-22
 -8.14535481e-22  1.66923369e-21 -3.98438189e-22  2.17530180e-21
  7.02218842e-22  1.12495857e-21 -2.63959904e-22  4.61298218e-22
  1.33117067e-21  9.25628659e-22  8.51377676e-22  6.09068283e-22
  1.20443364e-21  8.57431208e-22  5.33369589e-22  3.25219996e-22
 -1.04036023e-22  1.59568657e-21  6.25053829e-22  1.41299021e-21
  5.39714601e-22  6.67119607e-22  1.61606102e-23  3.43554285e-22
  3.10253702e-22  1.48579527e-22 -4.12679846e-25 -4.97431085e-22
 -3.56888824e-24  4.40022454e-22  1.87006342e-21 -1.51888419e-21
  1.33026104e-21 -6.95695171e-22  3.64554770e-22  1.50178526e-21
  1.44012666e-21 -3.30753111e-22 -1.32033658e-21 -2.08566822e-21
  3.95577483e-22 -4.86001426e-22 -1.12461079e-21 -1.33776245e-21
 -1.82206390e-21 -5.58646328e-22 -3.69493447e-22 -1.12827393e-21
  7.59696767e-22  2.37576546e-22 -1.13936134e-21 -1.97724643e-21
 -1.32365553e-21 -1.12249096e-21 -1.57667661e-21 -9.13989163e-22
 -2.44103272e-21 -2.25478748e-21  1.07645383e-24 -1.42057103e-22
 -6.75422415e-22  1.72450797e-22  3.33563336e-22 -1.30948381e-21
 -1.49123983e-22  5.39433819e-23  9.92291055e-22 -8.88809787e-22
  9.60681776e-22 -3.09213008e-23  2.01138228e-22 -9.63860673e-22
  8.14501998e-22 -2.19097024e-22  3.41808099e-22  4.81640955e-22
  1.21060981e-21 -1.59701176e-21  8.64198612e-22  1.45363609e-21
 -1.02276837e-22  1.87498789e-21  1.34285372e-21 -9.49375030e-23
 -4.46640958e-22  7.39787213e-22  1.04656296e-21 -2.13496168e-22
  6.35654357e-22 -9.91677607e-23 -4.83050463e-22 -5.25497128e-22
  6.62988579e-22 -4.82655131e-22 -3.23607212e-22  6.96109689e-22
 -2.33680871e-21  5.96696796e-22  6.94936896e-22 -1.50198145e-21
  1.67573049e-21 -8.54365034e-22  2.11881494e-21 -6.11544669e-22
 -5.98387478e-22  2.26480890e-21  2.09454770e-21 -1.12353838e-22
  7.47704981e-22  9.92502788e-22  1.32589274e-22  4.52949700e-22
  1.00858720e-21  1.08561299e-21  2.38658677e-22  1.04565177e-21
  1.46764512e-22 -5.29284399e-22  1.73659077e-21  1.88131298e-21
  2.06463917e-21  1.93983163e-21  9.03778948e-22  5.83218396e-22
 -4.30006790e-22 -6.00402418e-22 -3.21732308e-22  1.34967316e-21
 -2.55636538e-22 -4.19044337e-22 -1.17841398e-22  6.15100286e-22
 -1.41748472e-21 -4.36347130e-22 -2.41866527e-21  4.86678353e-22
 -5.04454773e-21 -1.53969553e-21 -1.99987056e-21 -3.35458706e-23
  4.52723575e-23 -1.43347206e-21 -1.18635229e-21  1.00794802e-22
 -1.30859840e-21 -1.64639795e-21  1.41921793e-21 -1.94119284e-21
 -1.56501196e-21  3.51516055e-22 -4.16687848e-22 -1.19717694e-21
 -1.32066547e-21 -9.65612118e-23  7.94011738e-22 -1.73937570e-21
 -1.67402418e-22  1.73659946e-22  1.10046571e-21 -1.51592588e-21
 -6.29257371e-22 -5.11620409e-22  6.41944381e-24 -1.28508161e-21
  7.28518374e-22 -1.54018026e-21 -1.65662777e-21  3.28041003e-22
 -1.16142245e-21 -1.31837415e-22 -4.49936490e-22  5.97670099e-22
  1.31206395e-21 -9.80727770e-22 -6.66674028e-22 -4.28230074e-22
  8.00622387e-22  1.30064376e-21 -7.83993336e-22  6.06240684e-22
  1.35902648e-21 -3.77942753e-22  2.44319667e-21  8.52059429e-22
  2.12610546e-21  2.17605528e-22  9.82054040e-22  3.07327991e-22
  9.87222979e-22  1.87579635e-21  1.12347122e-21  1.07480812e-21
  9.75143579e-22  4.59344249e-22  1.42504263e-21  7.88309836e-22
  5.97396508e-22 -7.84240569e-22 -7.39904609e-22  1.13376985e-21
  5.73944801e-22  1.65235985e-21  2.84994864e-21 -4.82133819e-22
  1.40960221e-21  3.01860902e-21  1.44054991e-21  1.04799374e-21
  1.04450179e-21  1.38171832e-21  4.77387536e-22 -1.32309287e-21
  6.81795236e-22 -7.90814288e-22 -1.06042526e-21 -1.05844195e-21
  1.10504482e-21  9.36906294e-22  6.72337027e-23  4.05358297e-22
 -2.03675624e-21 -6.21978439e-22 -1.47051989e-21 -1.30531583e-22
  1.41371131e-22  2.01231925e-21 -3.45601755e-21 -5.65426551e-23
 -2.35467081e-22 -1.02779457e-22  1.31684957e-21 -1.32570090e-21
 -7.44330097e-22 -2.30668232e-21 -1.95564715e-22 -3.95049422e-22
 -1.80734805e-21  7.59024427e-22 -2.38706793e-21 -1.98970436e-21
 -1.75877876e-21 -6.45201256e-22 -3.80272444e-22 -2.47011546e-21
 -8.37958283e-22 -7.37781692e-22  4.09819473e-22 -1.46369766e-23
 -1.43637102e-21 -5.28085647e-22 -1.54215101e-22 -1.66733154e-21
  1.42502103e-21  5.50826038e-23 -6.10641121e-23  5.40714210e-22
 -1.46296696e-21 -1.06235503e-21 -5.75243143e-22 -6.63527044e-22
 -2.87999002e-21 -7.78430313e-22  3.10169173e-23  6.73528935e-22
  8.16406640e-22  9.52143865e-22  1.85132688e-22  7.55576125e-22
  3.64092094e-22 -8.04651412e-22  5.26963922e-22  1.87410075e-23
 -1.55198505e-21  5.98375062e-22  7.75525442e-22 -5.88222774e-22
  6.98666941e-22 -7.45168256e-22  1.35097005e-21 -5.95780275e-22
  9.10452437e-22 -2.08499290e-23  1.19632115e-21  1.60791942e-21
  1.35554533e-21  1.60415145e-21  7.91962499e-22 -1.07364810e-22
  1.64228717e-21  7.15241751e-22  1.17283700e-21 -3.86964246e-22
  9.99740504e-22  5.72521342e-22 -6.98412035e-23 -3.39425374e-22
  2.06119144e-21  5.35331789e-22  1.24531046e-22  8.78054213e-22
 -2.17302855e-22  1.04847799e-21 -6.95483391e-22  1.09117545e-21
  5.35564568e-22 -5.36789437e-22  1.74093182e-22 -1.64863652e-22
  2.15524669e-22 -2.07073795e-21  6.70701957e-22 -1.47955358e-21
 -1.43203087e-21  8.17835391e-22  9.28481025e-22  3.71286328e-22
 -1.82834283e-21 -5.20075894e-22 -1.12988739e-21 -1.47105796e-21
 -8.41749557e-22 -9.63822368e-22 -1.57556204e-21 -2.35031341e-21
 -4.21995753e-22 -1.85268666e-22  1.01791234e-21 -1.10915019e-21
 -2.67287341e-21 -1.46094081e-21 -1.46307513e-21 -3.98488790e-22
 -1.89044140e-21 -8.33912735e-22 -8.08727853e-22 -1.59074063e-21
  1.27926581e-21 -1.82503193e-22 -1.56989965e-21 -1.08113628e-21
 -5.68096218e-22  1.95182737e-21 -6.74374190e-22 -1.35825223e-21
 -1.82531271e-21 -1.78263378e-21  7.02243174e-22 -1.49580598e-22
 -6.61196056e-22  2.30967680e-21 -4.44088245e-22 -5.30622775e-23
 -6.43592009e-22 -5.30229737e-22  5.81822214e-22  1.62429197e-22
 -2.93535981e-22  8.83435765e-22  9.65886822e-23  1.65998935e-21
 -1.99889647e-22 -1.61244838e-21 -4.94337457e-22 -1.92258593e-21
 -3.50932369e-22  2.91246797e-22  7.39724549e-22 -8.87812165e-22
 -2.38262555e-22 -7.59491839e-22 -9.90996999e-22  7.82568938e-22
  9.39600364e-22 -7.22118813e-22  6.76775295e-22 -2.57669840e-23
  3.76236939e-22 -1.17848268e-21 -1.57254373e-21  1.02670126e-21
 -5.92952751e-22  3.22902464e-21  1.38274197e-21 -1.34383204e-21
  2.62386523e-21  5.14161588e-22  1.81637397e-21  1.21691538e-21
  8.01895595e-22 -1.04659320e-22  1.26524429e-21  4.69680336e-22
  4.71077733e-22  1.85395180e-21  7.68925752e-22  9.75459321e-22
 -1.38110248e-21 -8.54717454e-22  1.35042719e-21 -1.11230102e-21
 -7.77988761e-22 -1.00125278e-21 -4.32777992e-22  1.39475207e-22
  1.58484536e-22 -5.92944578e-24  9.16380590e-22  1.18456128e-21
 -7.25522921e-22 -4.77162983e-22 -1.13332476e-21 -4.79219311e-22
 -2.31748916e-22  2.96929136e-22 -4.07449637e-22 -2.21785846e-21
 -1.10856189e-21  1.60348401e-21 -3.63704643e-22 -1.06617533e-21
 -1.36070961e-22 -2.76724083e-22 -4.21978309e-21 -1.29435273e-21
 -2.28980639e-22  1.32374023e-21 -2.31618527e-21 -2.83380982e-21
 -1.11006733e-21 -7.27341533e-22  2.45250879e-23 -3.12687970e-22
  7.52907561e-23  4.56526949e-22 -8.65870487e-23 -1.82328029e-21
 -9.07943632e-22  1.12345460e-21 -5.71500620e-22  2.59984947e-22
 -1.63573552e-22 -1.17497355e-21  6.75459965e-22 -1.82413435e-22
  6.44246298e-22 -3.43113025e-21 -1.62208152e-21 -4.85476539e-22
  5.17037606e-22 -4.02195220e-22 -1.68432643e-23 -1.98395693e-21
  1.95971083e-21  6.15994053e-22 -4.98632758e-22  2.40102172e-23
 -6.29703522e-23  1.24616639e-21  7.35193026e-22 -1.82140327e-22
  7.37639395e-22  2.45925145e-21  2.14151137e-21  1.54951447e-21
  1.49932964e-21 -1.06585089e-22  9.58810912e-22  1.09514202e-21
  4.89741546e-23  1.34768448e-21  1.60944347e-21  2.00787880e-21
 -7.51572759e-22 -2.11000529e-22  1.02229459e-21  3.43911835e-22
 -8.74752805e-22  9.88937674e-22  1.30966357e-21  1.96122679e-22
  2.11536222e-21  2.45432663e-21  1.56666322e-21  5.19539680e-22
 -1.92991423e-21 -4.49699347e-22  2.27159128e-21  3.58948626e-22
  1.52224029e-21 -4.89729031e-22 -3.30664089e-22  1.24343380e-21
  2.33360278e-22  2.47306459e-21 -6.40723549e-22  1.02835177e-21
 -1.50388300e-21  5.13757454e-22 -1.01953103e-21 -2.11347545e-21
 -8.57061460e-22  2.14915979e-21 -9.95062444e-23 -4.05700720e-22
  3.06424789e-22 -3.83068885e-22 -2.06916423e-21  6.20024519e-22
  1.48247185e-22 -1.09233784e-21 -9.59212063e-22  3.85472833e-22
 -1.91526769e-21 -1.98631464e-21 -5.39090012e-22 -6.83652830e-22
 -1.12919715e-21 -2.57095375e-21 -5.16269153e-24 -2.32445393e-21
 -9.23364486e-22  6.00362121e-22 -1.78809692e-21 -1.63970600e-21
 -1.41475850e-21  9.78157878e-22 -1.21310742e-21 -5.94236563e-22
 -2.43105838e-22 -1.24232576e-21  8.25029968e-22 -7.41456590e-22
  1.49874143e-23  2.67589805e-22  1.11813448e-22 -1.68632412e-21
 -1.89167554e-21 -8.96486462e-22  6.16692345e-22  9.53280453e-23
 -2.05187042e-23 -3.00700192e-22 -9.31480196e-22 -4.40619174e-22
  3.11001575e-21 -1.54520989e-22  2.48324350e-22  1.48130877e-21
  1.75098749e-21 -9.35653170e-22  1.59307992e-21  2.83548327e-21
  9.39817283e-22 -4.25353060e-22  1.08323133e-21 -8.11849321e-23
  8.47022823e-22  1.71739126e-21  1.62535606e-22  2.26615992e-21
  2.90329318e-21  2.01408596e-21  1.84016398e-21  7.33568172e-22
  2.17528277e-21  2.96971448e-22  2.99705464e-22  1.20773837e-21
  8.26189601e-22  1.14963119e-21  7.47511740e-22  2.39965833e-21
  7.68499728e-22 -1.23496110e-21  5.87390274e-22  1.03994391e-21
  1.01774824e-22 -1.12391234e-21  1.27639575e-21 -1.03883127e-22
 -2.26071159e-21  3.30933181e-22  6.47857244e-22 -6.96268307e-22
  8.02333189e-22  7.00163309e-22 -4.57507474e-23  2.25259192e-21
 -7.22473464e-22 -1.99980835e-21  6.87333613e-22  2.06278216e-22
  7.87181625e-22  3.29519139e-22 -7.89403436e-22  3.05223156e-22
  6.65917335e-22 -9.85210084e-22 -2.18375581e-21 -6.34392985e-22
 -9.32709008e-22 -7.17142221e-22 -9.26312933e-22 -1.45286010e-21
 -3.87562638e-21 -1.33080271e-21 -9.05723918e-22 -2.51950639e-21
 -2.53279695e-21 -1.39405631e-21 -1.81085760e-21 -1.85623844e-21
  1.62200288e-21 -1.60894230e-21 -2.74151278e-23 -2.40314859e-21
  1.26383551e-21 -1.60208766e-21  4.65429659e-22 -1.35775613e-21
  1.34081629e-23 -1.58630218e-21 -1.90107890e-22  3.81495695e-22
  1.95515832e-22  2.81268299e-22 -1.26413666e-22  1.71658089e-22
  1.73768371e-21  2.65088466e-22 -1.40901364e-21  1.94158797e-22
  2.03102163e-21 -4.59619442e-22  2.19383965e-21 -5.82812891e-22
  6.92272012e-22  5.51922236e-22  3.64711556e-21  2.34664536e-21
  2.33607015e-21  1.86527579e-21  1.30502098e-21 -7.56987966e-22
  5.45687121e-22  2.07699384e-22 -5.78252981e-22  1.56089963e-21
  1.54095102e-21  1.78312015e-21  1.69966723e-21  1.35468814e-21
  1.35476896e-21  2.78633744e-21  2.86251209e-22  1.99393606e-21
  3.87179701e-21  1.17001648e-21  1.21956669e-21  8.47252481e-22
  9.82614533e-22 -1.02277907e-21  8.88973204e-22 -1.41355481e-22
 -7.49743371e-22  1.44298418e-21  4.90476503e-22  1.21714076e-21
  1.20092233e-21  1.83565249e-21  2.86232418e-22  3.36845931e-22
  4.39545048e-22 -1.99788392e-21 -6.88209148e-22  2.93832247e-22
 -5.27610522e-22 -3.34157763e-21 -1.51094272e-21  9.06396220e-22
 -1.82145002e-21  4.63052201e-23 -8.17667206e-22 -4.03123462e-22
 -1.62069890e-21 -2.14048840e-21  6.00533499e-24 -2.87059723e-21
 -1.01182860e-21 -8.47083692e-22  1.65138403e-22 -1.41305110e-21
  3.30484144e-22 -1.32808917e-21 -6.86656711e-22 -5.42841675e-22
 -4.77690687e-22 -1.18373008e-21 -8.35047159e-22 -1.39772277e-21
 -2.15620769e-21  5.40791380e-22  3.73180177e-22 -1.42428080e-21
 -1.18163697e-21  5.15581683e-22  6.21825103e-22 -3.15245264e-22
  2.22764746e-22 -6.62215083e-22 -1.58189362e-21 -5.23576717e-22
 -2.27392096e-21 -3.23453192e-22  2.80534134e-22 -7.30773051e-22
  2.57920057e-21 -1.62024255e-21 -9.27287712e-22  8.59012947e-22
  1.38858426e-21 -1.76550461e-21  2.62509528e-21  7.17862609e-22
 -1.18643091e-21  1.49281940e-22  1.85114848e-21  7.01965837e-22
  8.63352252e-22  6.86101461e-22  3.53801208e-22  1.84215373e-21
  1.66099316e-21  4.37827043e-22  1.51361901e-21  1.75105339e-21
  8.65473048e-22  9.34455973e-22  7.41323244e-23  9.77136366e-22
  1.46618107e-21  1.15837328e-21  3.20304043e-22 -6.87036276e-22
 -6.06404614e-22  1.64041714e-22 -6.26574765e-23  3.37832742e-21
  1.99711656e-22 -1.38733639e-22  1.07991768e-21  1.94926336e-21
  7.07100133e-22 -2.54663587e-22 -5.57834299e-22  1.16512416e-22
  1.19883597e-21 -5.17778897e-22 -1.06750519e-21  3.45125914e-22
  9.21181040e-22  4.95994681e-23  6.65971744e-23 -9.90594700e-22
 -3.57857941e-22 -1.62024224e-21 -1.82684111e-21 -1.15529959e-21
  1.13522316e-21 -1.64724827e-21 -2.18215549e-21 -1.42851556e-21
 -1.16110876e-21 -1.23934319e-21 -1.61859315e-21 -1.85599097e-21
 -9.58683854e-22 -3.72511957e-22  7.63006689e-22  5.59244137e-24
 -1.40187381e-21 -6.93238619e-22 -1.52368056e-21 -1.80752314e-21
 -1.26840092e-21 -1.89285712e-21 -6.97480943e-22 -3.17562231e-22
 -1.30260381e-21 -5.98979114e-22  5.21531836e-22  1.40287237e-22
 -1.53175924e-21 -1.75287773e-21 -1.56585624e-21 -1.27184266e-21
 -4.83842223e-22  4.09891875e-22 -3.50766415e-22  1.56030103e-21
 -7.35236537e-22 -1.95794035e-21 -4.18254751e-22  2.84231884e-22
  7.91005224e-24  8.43390684e-22 -1.51456659e-22  8.14548320e-22
  2.29954054e-21  1.50547443e-21  1.49938149e-22  1.74303964e-21
 -1.14696505e-22 -1.85747832e-21  7.57483032e-22  2.88848149e-22
  7.53307939e-22  2.29577681e-22 -6.85662582e-22  7.91909041e-22
  3.63292103e-22  1.00832213e-21  2.87878722e-21  1.50357084e-21
  1.57854974e-21  1.12250204e-21  2.78183902e-21  1.86308498e-21
  1.55222011e-21  1.47521360e-21  2.43138155e-21  1.48463197e-21
 -3.74238335e-22  1.81844626e-21  2.35506358e-22  1.62313680e-22
  1.29854829e-21  1.48483618e-21  6.09543640e-22  1.33263628e-21
  1.54340550e-21  7.18329462e-22  4.21415201e-22  3.80982812e-22
  1.01299400e-22  8.27725899e-22 -4.64282430e-22 -1.46905820e-21
 -1.21839098e-21 -5.46786970e-22 -1.84199898e-23 -4.20292866e-22
  5.27760300e-22 -7.49402977e-22 -1.42138884e-21 -3.93445253e-22
  4.00185283e-22 -1.78378175e-21 -2.53358813e-21 -1.00605180e-21
 -6.19138745e-22 -1.46626641e-21  1.44349096e-21 -1.25718902e-21
 -2.02564216e-21 -2.40522144e-21 -1.50510493e-21 -4.14506399e-22
 -1.39440992e-21 -1.80785939e-21 -6.07343454e-22  4.84551660e-23
 -1.79935341e-21 -9.12713766e-22 -7.92937588e-22 -6.94945947e-22
 -1.74070124e-21 -7.81812369e-22 -1.99897229e-22 -1.66022228e-21
 -1.35096911e-21  7.96878143e-22 -3.13126902e-22 -1.16452578e-21
 -9.18905896e-22  9.73325227e-23 -1.50199173e-21 -9.56393520e-22
  3.95816774e-23 -1.25151553e-22  2.43178439e-22 -2.40291891e-22
  4.13157626e-22  1.78466161e-22 -3.02209786e-22 -1.90069290e-21
  1.63971792e-21  1.83393069e-22  7.45903701e-23 -1.69928077e-22
  7.93190296e-22 -3.27174866e-22  2.96624723e-22  3.50394781e-22
  8.68107578e-22  1.67195378e-21 -3.94488529e-22  1.38537257e-21
  3.57734160e-22  4.72972815e-22  7.46359256e-22  2.23085756e-21
  3.34775450e-22  1.89039443e-21  3.89433357e-21  2.96695780e-21
  1.14079123e-21  1.61260447e-21  6.79485481e-22 -6.19924297e-22
  2.84178441e-21  1.65376526e-22 -4.44794133e-23  5.88267566e-22
  6.47173748e-23  6.92132192e-22  1.27192887e-21 -9.96573507e-22
 -5.56548813e-22 -5.28001016e-22  1.21384645e-21 -1.18109222e-21
 -1.11384324e-21  2.85135833e-22  4.28114530e-22  1.92339345e-21
  8.88668698e-23  7.59728907e-22 -1.82906483e-22 -3.44046147e-22
  6.42121081e-22 -6.96534026e-22 -1.33831776e-21 -2.23064186e-21
  8.35002214e-22 -1.00569940e-21  4.50097023e-22  6.98607351e-22
  2.10909593e-22 -6.66071719e-22 -6.21265273e-22  1.49558085e-22
  7.86335694e-23 -7.38069776e-22  1.62842635e-22  4.99794122e-22
 -1.17089737e-21 -1.29380587e-21 -6.88793526e-22  6.99667408e-22
 -2.04743579e-21 -2.93867184e-22  1.81509862e-22  1.03252894e-21
 -1.33060563e-21 -1.37894286e-21  6.73967251e-22  1.05994071e-21
  4.26964521e-24  1.03806319e-21 -1.09583673e-21 -3.11593314e-22
 -4.62268262e-22  2.40922832e-22 -1.52073496e-22 -1.22143273e-21
 -9.70639645e-22  2.61682658e-22 -2.26064790e-21 -2.03229855e-21
  1.05900205e-21  1.49774610e-21  6.78619895e-22  6.26407207e-22
  2.02293204e-21  7.42956116e-22  1.28264999e-21  3.81867819e-22
  5.70350120e-22  6.16987384e-22  1.41800427e-21  6.58273974e-22
  2.05984828e-21  1.80914100e-21  9.73105550e-22  1.28722783e-21
  2.92154342e-22  6.30132275e-22 -2.74213729e-22  2.02554264e-21
  1.01813909e-21  3.49518411e-21  9.17909821e-22  5.34808752e-22
  2.19828462e-21 -1.33857736e-21  9.67036603e-23  1.41628883e-21
  6.22263379e-22 -2.17254274e-22  2.77125527e-22  9.34762941e-22
  2.72989635e-21  6.70142889e-22 -4.85629524e-22  2.24185741e-21
 -1.79052107e-21  1.47709409e-21  1.12790112e-22 -8.82721303e-22
  1.75390653e-22 -4.77324058e-22  7.37480974e-22  4.62699908e-22
 -3.59575806e-22 -7.35737906e-22 -7.51077676e-22 -1.60901092e-21
 -9.12050731e-22 -1.25926979e-21 -3.40411396e-21 -1.78208275e-21
 -4.42177260e-22 -7.85019576e-22 -5.72000117e-22 -2.52860261e-21
 -8.85940062e-22 -1.57958850e-22 -3.02628240e-22 -2.34863018e-21
 -1.49155387e-21 -2.73653890e-21 -1.27563496e-21 -8.24596925e-22
 -7.76143371e-22  3.00229591e-22 -1.01122948e-21 -2.38594057e-21
 -9.93079038e-22  9.53295938e-23  2.42317260e-22 -3.33045754e-22
  7.75825876e-22 -2.11367613e-22 -1.29154938e-21 -1.18869813e-21
  6.31094163e-22  1.25896861e-22  2.98899313e-22  9.89944155e-22
  3.49200611e-22 -3.51630178e-22  1.45887539e-21  1.79379219e-21
  1.15520331e-21 -8.56311199e-22  4.13676166e-22 -4.77203156e-22
 -8.59212463e-22  4.35194599e-22  2.54639818e-21 -4.99304599e-22
  1.31194120e-21  1.48144495e-21  9.84016898e-22  7.42554361e-22
  1.56154730e-22  1.83530562e-21  2.96596295e-21  3.10010029e-21
  1.63652088e-21  7.72444527e-22  7.72352593e-22  1.33953305e-21
  4.17507359e-22  3.05232101e-21  2.42051563e-21 -2.55281497e-22
  7.09139034e-22  1.59988320e-21 -5.74043350e-22 -7.31316003e-22
 -2.38382198e-22  8.82851719e-22  7.77760175e-22  1.19089367e-21
 -2.85802200e-22 -3.84427571e-22 -4.21044022e-22  3.94843375e-22
 -7.85439649e-22 -1.00543421e-21  1.38801694e-22 -1.25569547e-22
 -5.79320621e-22  9.94633438e-22 -6.10486648e-22 -7.96853015e-22
 -4.04789660e-22 -7.20473998e-22 -1.24651888e-21  5.05211599e-22
 -1.22708215e-21 -2.33158900e-21 -1.00890231e-21 -3.02735014e-22
  1.19805265e-22 -9.19376420e-22 -1.81947042e-22  6.84032185e-22
 -8.38041216e-22 -1.68506833e-22  1.07293138e-22 -4.78446659e-22
  6.12002396e-22 -1.38766257e-22 -2.12340205e-21 -9.47229350e-22
 -8.47239622e-23 -5.53002160e-22 -2.94622373e-21  3.37178657e-22
  1.90818195e-21  9.11768592e-22 -6.92978055e-22 -1.18432139e-21
  6.66198047e-22  6.37048571e-22  9.41787001e-22 -5.31162246e-23
 -5.46318142e-22 -9.89301384e-22 -1.04936740e-21 -4.70381363e-22
  2.11144207e-21 -2.24565226e-22  8.62376549e-22  3.60362365e-22
  6.40547885e-22  1.20823151e-21  1.45499414e-21  6.17932142e-22
  3.20285627e-22  1.88738952e-21  1.85648998e-21  6.64835791e-22
  1.73954244e-21 -6.28205057e-22  1.06304380e-22  2.94618738e-21
  9.89818923e-22  3.42902784e-22  1.97295623e-21  4.28167439e-22
  6.79077118e-22  1.24810286e-21  3.74595149e-22  8.89416945e-23
  4.69452337e-22  1.72134715e-21  9.86058663e-22  1.80968354e-21
  1.33543922e-21  1.42653215e-21  7.80131656e-22  6.54746676e-22
  7.83459141e-22  1.27891129e-21  1.07938260e-21 -1.61954039e-22
  9.87102936e-22 -7.48733014e-22  6.02935855e-22 -9.86600443e-22
  3.91999516e-22 -1.60861860e-21 -3.72542815e-22 -9.31962987e-22
 -1.59162915e-21 -3.89748237e-22  2.26120617e-22 -2.96284673e-21
 -8.88124202e-23  4.70096179e-23  6.64871520e-22 -1.87886630e-21
 -2.06865812e-21 -2.29598107e-22  4.10867735e-22 -1.08811810e-21
 -1.48921229e-21 -9.75640304e-22 -2.01752867e-21  2.43312585e-22
 -1.36242019e-21 -1.12143693e-21 -1.35839445e-21 -9.53790905e-22
 -1.06352403e-21  9.45118729e-23 -1.19054447e-21 -5.60462951e-22
  4.30939123e-23  1.69944965e-22 -1.91852434e-21 -1.76844442e-21
 -2.40297183e-21 -6.25274085e-22 -1.89306881e-21 -5.78916802e-23
 -5.65462128e-22  3.17233027e-22 -5.37828462e-22 -8.80283343e-22
  1.17437048e-21  5.98317835e-22  2.24629615e-22 -5.27532220e-22
  1.12209319e-21 -6.91803679e-23 -6.20083203e-22  7.70274231e-22
 -2.33518986e-22  4.30861647e-22 -3.21622569e-22 -6.59744300e-22
 -5.22976990e-22  1.52257595e-21  4.54372270e-24  8.08795031e-22
  2.09428456e-21  3.31207844e-22  6.07483603e-22  1.58369980e-21
  2.52339404e-21  9.08478944e-22  4.87623796e-22  1.63863472e-21
  7.47510508e-22  8.88751637e-22  4.22956207e-22  7.51000366e-23
  2.18788411e-21  8.72105593e-22  1.27870020e-21  2.06630923e-21
  1.90861740e-21  1.28176424e-21 -5.08507522e-22 -4.91478461e-22
 -7.29871490e-22 -9.97329710e-22 -1.12290616e-21  1.93670391e-21
 -6.66966037e-22  1.50309352e-21 -9.10080789e-22 -1.48452826e-21
  4.91011273e-22 -4.38101685e-22  1.45757199e-21 -5.42197362e-22
 -8.65953784e-22 -8.16851182e-22 -1.44340863e-21 -9.31629710e-22
 -2.21101128e-21 -6.02310846e-22 -8.78070249e-22  1.00252527e-21
 -8.78310864e-22 -2.01549762e-21 -1.27146395e-21 -1.21443596e-21
 -7.01367851e-22 -1.64451956e-21 -1.22878965e-21 -1.97293501e-21
  1.56630220e-22  3.39780510e-22 -2.05660219e-21 -2.85156297e-21
 -1.48878584e-21 -2.14891592e-21 -9.29160275e-23 -7.21983050e-22
 -6.52274715e-23  3.53431790e-22 -1.45198650e-21 -1.29796915e-21
 -2.06878652e-22  9.52494458e-23 -4.65232176e-22 -1.13145568e-21
  4.52604452e-22  5.60546770e-22  8.98789459e-22 -3.89988435e-22
  2.47732950e-22  8.29941759e-22 -1.28018079e-21 -7.23861725e-22
  1.15823202e-21  1.01709274e-21  7.34746901e-23  1.49917667e-21
  2.55024951e-21  1.44761093e-21  1.79104656e-21  1.22598292e-21
  2.03467164e-21  8.86386698e-22  2.22209150e-21  1.58253542e-21
  2.35579881e-21  1.21667299e-21  9.14846573e-22  1.28251457e-21
  4.16720036e-22 -1.69536401e-22  1.36243469e-21 -2.41153716e-22
  5.68268331e-22  1.88047990e-21  1.33624777e-22  2.20687116e-21
  1.48535763e-21  2.01357123e-21  5.33523869e-22  6.19543830e-22
 -1.09378860e-21 -2.68809959e-22  3.90288288e-22 -9.89964962e-22
  9.83673101e-22  9.07776101e-23  5.92474438e-22 -2.81755993e-22
 -5.21383594e-22 -2.30097043e-21  1.09244069e-21 -4.13712947e-22
 -1.40835090e-21 -1.76719127e-22 -1.60862897e-21 -9.94824461e-22
 -1.99660948e-21 -5.48521291e-22 -1.23377685e-21 -7.64093937e-22
 -2.09008511e-21 -1.78713151e-21 -1.84092577e-21 -1.88376689e-22
 -1.86971610e-21 -6.51519119e-22 -1.55952645e-21 -4.43205271e-22
 -3.46758518e-22 -1.03128998e-21 -1.14794828e-21 -9.07413733e-22
  1.25509124e-21  4.50763751e-22 -1.76199278e-21 -1.84337980e-21
  7.86420645e-23 -8.85332300e-22 -1.99808568e-22 -6.28128582e-22
 -7.25577344e-22  1.71561659e-21  1.14569882e-21  1.36541564e-22
  2.78863976e-21 -9.96736370e-22  5.65643991e-22 -2.90777654e-22
 -1.10066754e-21 -1.13626570e-21 -6.97859795e-22 -1.36590184e-22
  2.17739619e-22 -1.12077664e-21  9.28603442e-22 -1.00576399e-21
  2.61671030e-21  2.38926717e-21  3.08676984e-22  2.01399738e-21
  2.79990296e-22  8.77687740e-22  5.68581163e-22  3.17735133e-21
  1.49026675e-21 -7.95246286e-22  8.45314643e-22 -1.75520917e-22
 -1.24872887e-21  2.06980441e-21  1.32247494e-21  9.55980763e-22
  3.58925744e-22  1.21955752e-22  6.61432620e-22  1.87461861e-21
 -1.64809748e-21  1.91671941e-21  2.65403815e-21  1.20081334e-21
  2.21016600e-21 -7.09639908e-22  1.66819897e-23 -1.48310051e-21
  1.38615195e-21 -4.91731236e-22 -1.98894976e-21 -7.01124921e-22
 -4.73651207e-22  2.89484101e-22 -3.58902084e-22 -1.27300346e-21
 -3.43637128e-22  3.00952162e-22 -9.10607784e-22 -8.98244770e-22
  2.13071153e-22  1.22459052e-22  1.83646425e-21 -4.62544670e-22
  7.25448553e-23 -1.21460420e-21 -2.92058652e-21 -1.95975236e-21
 -1.79243453e-21 -2.13818852e-22  2.45616352e-21 -1.48695282e-21
 -1.23046148e-21 -2.70353785e-21 -6.81658130e-23  9.29053509e-22
  1.49837898e-21 -1.57556875e-21 -3.04092549e-22 -1.03451581e-21
  2.50570686e-22 -7.87785887e-22  5.37367693e-22 -1.92297927e-22
 -3.40481649e-22 -1.17547094e-21 -2.18059594e-21 -2.18008558e-23
  2.28778280e-21  7.19285425e-22  8.42242425e-23  1.62755418e-21
  4.32925049e-22 -5.79391537e-23  2.86202197e-22  2.02041207e-21
 -7.21651627e-22  2.36047955e-22 -2.78458374e-22  6.98917349e-22
 -8.59387539e-22  2.65484466e-21  9.06356991e-22 -1.52244344e-22
  8.24460456e-22  2.67169540e-21  1.28329824e-21 -1.20680541e-22
  5.63245905e-22 -8.52407799e-22  2.10770551e-21  3.73302548e-22
  1.49442033e-21 -1.92150612e-22 -1.38033169e-21  1.92342633e-21
 -2.86888739e-22  1.02253374e-21 -1.15936033e-21  4.57975217e-22
  6.21999841e-22  1.72363151e-22  5.00404196e-22  1.22058424e-21
 -4.32325748e-22 -1.05278429e-21 -9.76553834e-22 -3.75559891e-22
 -7.72896571e-22 -4.45634250e-22 -8.30158215e-22  3.83531071e-22
  3.40795367e-22  1.05105305e-21 -5.94206317e-22 -8.11323329e-22
 -2.62412902e-21  1.14500161e-21 -1.36471589e-21 -2.50441344e-21
 -2.14631381e-21 -9.06089450e-22 -1.01082758e-21 -1.10192315e-21
 -1.41285548e-22 -1.36203456e-21 -1.69360217e-21 -1.06733079e-21
 -2.10699451e-21 -1.20247198e-21 -1.13843502e-21 -2.24176161e-21
 -1.27181566e-21 -1.17359209e-21 -4.99308333e-22 -3.65606217e-22
 -1.19231142e-21  7.55637096e-22 -1.40438934e-21  7.83511483e-22
  1.44852470e-21  8.44896664e-22 -1.69950643e-22 -3.93314449e-22
  3.00497417e-22 -8.36864741e-22 -7.69567434e-22  3.57610767e-22
 -7.88919382e-22 -1.12071004e-22  9.42195963e-22  2.88065231e-21
  1.50918778e-21 -7.33849497e-23  2.59292369e-21  1.40208140e-21
  1.02197332e-21  1.72760372e-21 -8.30391833e-22  2.42807792e-21
 -1.03034398e-22 -6.06076559e-22  6.20319128e-22  1.27688131e-21
 -1.25909601e-22  1.40093617e-21  1.69469316e-21  1.13625056e-21
  9.43282163e-22  1.01120775e-21  1.83949001e-21  3.69509938e-22
  6.71826182e-22  4.80596563e-23  1.70707475e-21  6.21982912e-22
  1.43776764e-21  7.48459730e-22  3.46375738e-22 -1.34727031e-21
  1.12351236e-21  1.35407191e-21 -1.14112513e-21  7.24603797e-22
 -4.21537602e-22  1.57802647e-21 -9.75762748e-22 -2.84710997e-22
 -1.86278247e-21 -1.19423164e-22  6.89641839e-22  6.12206419e-22
  7.69731676e-22 -1.14763546e-21  5.71356833e-22 -1.79689308e-22
 -7.90051705e-22 -1.39769650e-21 -2.39206404e-21 -1.62298737e-21
 -6.29651822e-22 -1.43500326e-22 -6.02324779e-22 -7.76083073e-22
 -4.77114421e-22 -7.14662611e-22 -1.95971988e-21 -1.75142783e-21
 -7.34585593e-22 -6.96633473e-22 -1.38460982e-21 -1.12780406e-21
 -2.20592250e-21  9.08282492e-22 -1.14537834e-21 -9.56078300e-23
  9.56473741e-22 -1.20717206e-21  1.88149154e-22  1.05096215e-21
  6.71785066e-22 -4.00548947e-22  1.26133564e-21  2.97718154e-22
 -1.55535547e-21 -3.30424165e-22 -6.99484190e-22  9.25067522e-22
  1.71999358e-21  1.70705154e-21  1.32140542e-21  1.86460280e-21
 -1.70266450e-21  8.84243660e-22 -8.75753606e-22  2.86976654e-21
  8.03397926e-22  1.78802999e-21  9.83855419e-22  2.72188510e-21
  2.56228367e-21  7.96920793e-22  4.92104676e-22  6.72384797e-22
  1.08555468e-21 -1.65154808e-22  1.50891360e-21  1.82339666e-21
  5.05489839e-22  1.46521809e-21  4.59284954e-22  6.51376352e-22
  1.77392157e-21 -8.01404835e-22  1.63282748e-21  5.33029701e-22
 -8.37357848e-22  7.64241650e-22 -8.04355915e-24  7.36869613e-22
 -1.03553429e-21  7.26630896e-22 -5.46724957e-22 -6.41205072e-22
  1.54063578e-21 -1.16212207e-22 -1.17139678e-21 -1.50254679e-21
  4.27956700e-22 -1.74293352e-21 -1.02644049e-21 -1.72965001e-21
 -6.80571153e-22 -1.95617446e-21 -5.09790181e-22 -1.19088220e-21
 -1.03945062e-21 -1.24282164e-21  9.42630961e-22  8.21580069e-22
 -1.49407505e-22 -5.27336400e-22 -2.82760364e-21 -1.88077263e-22
 -2.28204714e-21 -2.35516781e-21  1.22013363e-22 -1.78311311e-21
 -1.37902526e-22 -2.54968931e-22 -1.07677218e-21 -1.87697957e-21
 -1.59109010e-21  1.56722511e-22 -2.73829136e-22  5.63417676e-22
  1.31588240e-21 -2.95240589e-23  5.03091049e-22  5.60710069e-22
  1.92079652e-22 -6.25739460e-22  9.30461739e-22  2.84444863e-22
  1.00727849e-21  1.29999581e-22  2.19734756e-22  1.01950191e-21
  1.01467677e-21  1.23713849e-21  2.56878798e-21  1.09547697e-21
  1.24904041e-21  4.20772268e-22  1.98935074e-21  9.26292164e-22
  1.75317084e-21  5.01196891e-22  1.60234069e-21  6.68966346e-22
  3.97340520e-22  1.57273014e-21  7.13005784e-22  1.67741810e-22
  2.27085348e-21  1.33067330e-21  2.03090253e-21 -1.95314634e-21
  2.68086422e-21  1.71831472e-21  1.47608580e-21 -8.32826260e-23
  2.52400661e-23  3.79219288e-22 -2.87221527e-22 -1.94722101e-21
  3.61897624e-22  1.48853114e-22  2.88506569e-22  4.69843590e-22
 -1.98095776e-21 -2.24109856e-21  1.07810318e-21 -8.87522410e-22
  2.58514297e-22 -8.31083139e-22  7.61268759e-22 -8.29489080e-22
 -1.73200075e-21 -9.48061558e-22 -2.60188181e-21 -2.28644731e-23
 -9.63967788e-22 -8.42240402e-22 -2.12185877e-21 -1.05066431e-21
 -3.14729957e-22 -1.55276613e-21 -1.37906887e-22 -2.56691805e-21
  1.24430979e-21 -3.64697477e-22 -5.24324915e-22  1.48147795e-21
  1.60822220e-21  2.12005130e-22 -2.51363199e-22 -7.86268559e-22
 -7.78593072e-23 -8.08484052e-22 -8.95974118e-22 -3.35331997e-22
 -4.60630819e-22  2.33079911e-22 -1.20043994e-22  2.31264933e-22
 -6.94511310e-22 -5.58889080e-23 -3.66489248e-23  1.06890295e-21
  1.30301994e-21  1.74980814e-21  6.47185037e-22  1.36339724e-21
 -1.49892439e-24 -3.68998520e-22  7.88232466e-22 -4.02253151e-22
  9.79536998e-22  7.04477779e-22 -5.50273813e-22  1.28348385e-21
  1.08263018e-21 -3.50950315e-22  1.69280230e-21  1.07200087e-21
  2.50684591e-21  2.27478846e-21  1.53376275e-21  6.26144075e-22
  7.49597638e-23  1.71508811e-21  9.20285682e-22 -1.32366565e-21
  1.11089767e-21 -1.08339773e-21  9.24476932e-22  1.28884712e-21
 -3.41818286e-22 -5.04888267e-22  1.40110759e-21 -7.00213704e-22
  1.05984759e-21 -1.16486643e-21 -2.13194542e-21 -9.50572961e-22
 -2.78787824e-21 -1.46408299e-21  1.03797164e-21 -2.09415763e-21
  6.64477466e-22 -1.34638943e-21 -1.01361557e-21 -1.49744299e-21
  8.70658980e-22 -2.00439135e-21 -6.42500426e-22 -1.68529130e-21
 -8.51101648e-22 -9.23013683e-23 -7.18447602e-22 -1.56693332e-21
 -2.14645195e-21 -1.64809762e-21 -2.42040998e-22 -3.28310399e-22
  5.37167522e-23 -1.60832125e-21 -7.48912558e-22 -1.65757541e-21
  5.76122840e-22 -1.36581710e-21  1.07538341e-22 -5.35721573e-22
 -2.83653113e-22  1.43852383e-22  8.18176354e-22  2.71992722e-22
 -3.37535074e-22 -2.99631694e-22 -1.31133810e-22  9.44282267e-22
  5.73309678e-22 -3.49406470e-22 -1.35185350e-22  8.72218554e-22
  3.44961772e-22  1.94073375e-21  4.53544931e-22  9.12797113e-22
  2.03803642e-21  1.65610793e-21  1.11224016e-21 -1.45637140e-21
  1.45009877e-21  1.93446803e-23  7.87252956e-22  9.01906722e-22
  4.15932134e-22  8.21457480e-22 -1.18479320e-22  3.91475975e-22
  1.69306895e-21  1.05283994e-21 -7.65055539e-22  7.92729679e-22
  1.05761128e-21  1.57054908e-21 -1.51672132e-22 -1.51404492e-21
  1.15269956e-21 -1.01323704e-21  6.35369367e-22 -2.78239023e-22
 -1.37684752e-21 -3.80914719e-22  6.57822476e-22 -4.57423768e-22
 -1.46414684e-22  9.15663765e-22 -6.78427569e-22 -1.27698630e-21
 -2.00668804e-23 -3.62123338e-22 -1.45775674e-22 -1.55486973e-21
 -1.30348272e-21 -2.16238309e-21 -2.94287092e-21  5.54680632e-22
 -1.08507342e-21  1.89833697e-22 -1.36862589e-21 -8.71723480e-22
 -5.60054787e-22 -5.45153238e-22 -1.37994805e-21  9.84865282e-22
 -3.44748970e-22  1.46246804e-22 -1.14182549e-21 -2.81232676e-22
 -3.81341997e-22 -1.90680751e-22  2.06908766e-21 -1.47554040e-21
 -1.85861430e-21 -3.08320814e-23 -8.96665004e-22 -1.43981651e-21
  4.69108802e-22  4.45957562e-22  5.08320813e-22  1.50242104e-21
  1.74439624e-22 -4.68358209e-22  1.99041336e-21  7.37103412e-22
  1.44953192e-21  5.63356393e-22  1.44270965e-21  1.91985829e-21
  2.86469731e-22 -2.81109274e-22  6.44079784e-22  1.07179664e-21
  9.56555743e-22  9.41338314e-22  1.25737405e-21 -7.81702851e-22
  1.96770868e-21  1.31601496e-21  2.53590549e-21  8.34640343e-22
  2.14516007e-22 -4.37769134e-22  3.46474552e-21 -3.97464980e-22
 -6.09374636e-23  5.50099401e-22 -3.73446262e-22 -7.72534177e-22
 -2.49639793e-22  3.99443996e-22  1.17938813e-21  6.07722240e-22
  1.02949251e-21 -3.77247426e-22 -3.80157723e-22  1.34101429e-21
 -4.71231850e-22  1.01850837e-21 -2.42740562e-22 -1.23963472e-21
  1.38784360e-22 -1.46688272e-21  1.54101974e-22 -1.84493837e-21
 -2.98410055e-21 -2.39096497e-21 -2.13205629e-21 -1.54520290e-21
 -2.07774636e-21 -2.46089856e-21 -1.48294152e-21 -1.62355686e-21
 -1.86653527e-22 -1.17358609e-21 -1.31892705e-21 -1.89256860e-21
 -1.43572730e-21 -1.18334289e-21  1.80458163e-22  1.36371580e-21
 -2.70019797e-22  2.20094014e-22 -2.94025340e-22 -1.39143312e-21
  5.83692976e-22 -1.27533875e-21 -4.90447602e-22  1.10540432e-21
 -5.38295110e-22 -2.28662797e-22  5.35530909e-22 -3.94006942e-22
 -1.55853350e-21  2.62337986e-21 -4.09385819e-22  1.94787884e-21
  1.77397481e-21  2.29024763e-21 -4.38774130e-22 -4.40113024e-22
  2.01948656e-21  2.02016483e-21  1.16604833e-21 -1.86830371e-22
  9.06875050e-22  6.37417352e-22  2.23772163e-21  2.06946893e-21
  9.15134246e-22 -3.25483326e-22  8.86820517e-22 -5.19367315e-22
  1.34984730e-21  3.70754339e-21 -5.87681586e-22 -5.58654924e-22
  1.23368187e-21  9.23433292e-22  1.27196280e-21 -1.16910079e-21
 -7.13501239e-22 -3.09687573e-22  1.38747817e-21  7.16185421e-22
 -2.48929968e-22  1.25715243e-22 -8.21510595e-23  8.95694314e-22
 -2.12673645e-21 -1.26811109e-21 -2.43767119e-21 -4.64013576e-22
  1.31463539e-21 -7.42712455e-23 -1.56035693e-21 -1.83530397e-21
 -9.75302168e-22 -2.37587663e-21 -2.68123299e-22  4.57887709e-22
 -6.69797494e-22 -1.10430437e-22 -1.45353795e-21 -2.14957976e-21
 -2.02694969e-23 -1.01396889e-21 -9.07413050e-22 -6.69959793e-22
 -2.41399368e-21 -1.58976791e-21  2.84492700e-22  5.09629147e-22
 -2.16837406e-21  4.18891945e-22  3.10406083e-21  2.25250469e-22
  6.65151232e-23  5.29353736e-22 -1.15010047e-21  1.12070149e-21
  2.75844401e-22 -8.64469174e-22  1.10659650e-21  1.29965630e-21
  1.16422101e-21  3.49996044e-22  1.71867004e-21  4.03246307e-22
  3.69210542e-24  1.66235292e-21  1.43775700e-21  1.14824470e-21
  2.07941512e-21 -6.04287062e-22  1.63236747e-21 -1.44023351e-22
  1.08115749e-21  2.87896125e-21  1.77234109e-21  5.10393741e-22
  8.53961584e-22  8.98728338e-22 -6.24442971e-22  1.78352017e-21
 -3.96346022e-22  1.81940052e-21  4.93859789e-22  1.73702736e-21
  3.46294322e-22  1.12662468e-21 -2.32571276e-22  1.73798248e-22
 -1.01068052e-21  9.81254149e-23 -1.78974754e-21  2.61955025e-22
 -3.71738032e-22 -8.43372644e-22  5.52068343e-22 -2.88240471e-21
 -1.33858859e-21 -1.22447006e-21  1.06872967e-22 -1.48936830e-21
 -1.71737230e-21 -2.80636360e-21 -1.55854601e-21 -1.28227937e-21
 -7.61387469e-22 -7.63377257e-22 -5.95309560e-22 -2.46288294e-21
 -2.17435162e-21 -1.69648537e-21  9.91285908e-23 -1.01550536e-21
 -1.09623001e-21 -1.03614434e-21  1.47797706e-21  1.25281329e-22
  8.69151607e-22 -6.13786901e-22 -7.43162493e-22  6.45061977e-23
  6.55473664e-22  1.53938873e-21 -2.02489574e-22 -8.50503868e-22
 -7.33389009e-22  1.95158737e-21  1.40091099e-21  1.55911598e-21
  1.35581822e-21  3.05659003e-22  8.96530435e-23  2.34780653e-21
  4.88167656e-22 -7.48704756e-22  9.95321266e-22  2.60867445e-21
  1.30629950e-21  1.63859367e-21  1.29020122e-21  4.20284886e-22
  4.64987320e-22  9.35858869e-22 -2.41180708e-22 -3.39426063e-22
  1.26081294e-21  1.14728677e-21  1.27334456e-21  9.88679625e-22
 -1.00301691e-21 -4.14019986e-22  9.03126929e-22  6.18910942e-22
 -8.06895923e-22  3.62270276e-23  1.27726814e-21  3.31951189e-22
 -1.56374824e-21  1.48338419e-21 -1.39063610e-21  3.45946061e-22
 -8.63027994e-23 -1.29158538e-21  6.15668963e-22 -5.68141855e-22
 -7.67497376e-22  7.36910582e-22 -7.15325217e-22 -1.21628038e-21
 -2.48404313e-21 -2.21987552e-21  6.08520918e-22 -5.25171967e-22
 -1.47730644e-21 -1.03967927e-21 -2.51480125e-21  4.09080577e-22
  2.18861218e-22 -7.00394914e-22 -1.54272089e-21 -6.23143040e-22
 -1.60506581e-21 -8.00630861e-22 -1.50737692e-21 -1.43207557e-21
 -2.35082905e-21 -2.63833843e-21  3.06364699e-22 -1.13583126e-21
  3.44635831e-22  8.43553084e-22  7.78404538e-22  1.99956788e-22
  6.53002453e-22 -1.52934835e-21  5.44074222e-22 -9.94359899e-22
  2.33254950e-21  1.01784034e-21  5.45257735e-22 -2.21821184e-23
  7.59859501e-23  3.00761769e-24 -1.83879329e-23  7.23013289e-22
  1.71265467e-21  2.84395492e-21  2.07860223e-21 -6.65543558e-22
  9.30864919e-23  2.18895442e-21 -3.24554491e-22 -1.01127105e-22
  1.84859058e-21  7.20542500e-22 -5.38509405e-22  2.52326485e-22
  1.03972074e-21  1.10661395e-21 -1.19692201e-21  1.22918122e-21
 -5.55298125e-22  2.50293652e-22  5.67938517e-22 -3.25667387e-22
 -1.15435769e-21  1.55395973e-21 -1.88237531e-21 -1.52724448e-21
 -1.82927024e-21  5.32437342e-22 -9.59307608e-22 -1.09362575e-21
 -6.91169001e-23 -2.33392077e-21  8.43707251e-23 -1.03391764e-21
 -1.58608385e-21 -2.55693417e-21 -1.55760501e-21 -2.90872588e-21
  3.41259922e-22 -1.46548134e-21 -3.27636872e-22 -1.28118850e-21
  1.31172658e-21 -1.50489806e-21 -7.16115841e-22 -1.41839375e-21
 -6.25716774e-22 -1.73756631e-21  1.06780076e-21 -3.29107348e-22
  2.34416856e-21  2.09515835e-22  2.12261420e-22  3.25514623e-22
 -3.77042617e-22  9.90335798e-22 -1.82407144e-21  5.05261093e-22
  1.16227421e-21  1.18884806e-22  6.84342850e-22 -5.37136108e-23
  2.00856667e-22  1.76630053e-21  5.36734794e-22  2.76406277e-21
  6.22582620e-22  2.76796137e-21  2.02672223e-21  2.89109458e-21
  8.78808680e-22  1.87564738e-21  1.40811601e-21  1.07211997e-21
  7.38958594e-22  2.75245009e-22  1.04076511e-21  1.61276032e-21
  5.93485646e-22 -3.23912664e-22 -9.05010400e-23  7.59608298e-22
  6.79332469e-22  2.93520691e-22  6.06079349e-22  3.39126086e-22
 -7.54953646e-22  1.01604666e-21 -6.34537164e-22 -2.12100739e-21
 -6.92877520e-23 -3.59857806e-22 -7.65860644e-22 -5.49443421e-23
 -7.77010903e-22  1.24959614e-22  1.25739863e-22 -2.21127471e-21
  6.45088655e-22  3.99029733e-22  9.19834631e-23 -1.42776279e-21
 -2.33842948e-21 -1.26870117e-21 -1.70527183e-21 -1.21787769e-21
 -3.53145252e-22  4.70913283e-22 -1.55620279e-21 -1.49634036e-21
 -3.14771457e-22 -7.17786077e-23 -1.82589322e-21  1.92060470e-22
 -1.60815649e-21 -4.00709716e-22 -1.02946950e-21  1.01057632e-21
 -1.45341788e-21 -1.25601692e-21  3.75276424e-22 -6.82703626e-22
  1.36657823e-21 -3.95400494e-23 -1.11162791e-21 -1.02495021e-22
  7.56731462e-22  1.94786172e-21  2.09215742e-22  2.56768785e-21
  2.46107390e-21  1.57754484e-21  1.22588211e-21  2.16793171e-21
  1.91254087e-22 -5.64779437e-22 -7.76243532e-22  1.57127596e-21
 -4.74554836e-23  1.64987802e-21  5.37265553e-22  6.67895974e-22
  2.28196716e-22  8.67717176e-24  1.47310155e-21  8.26706680e-22
 -1.02580309e-21  1.05635270e-21 -2.58069262e-21 -2.93679581e-23
 -9.56733104e-22  8.53012300e-22 -4.86234597e-22 -1.07507580e-21
 -3.55137691e-21 -1.42204664e-21  4.33972139e-22 -1.31484404e-21
 -7.35086657e-22 -1.97369299e-21 -1.76044529e-21 -1.52489674e-21
 -2.42405254e-22 -1.52320905e-21 -6.62245509e-22 -1.89121575e-21
  1.31298168e-21 -9.35510384e-22  7.13463638e-22 -5.47366942e-22
  3.00034168e-22  2.45363341e-22 -2.41053607e-22 -6.08249972e-22
 -9.25988882e-22 -1.24010061e-21 -1.05876724e-21  7.39526762e-22
  2.58735041e-23 -1.27795943e-21  2.59193404e-22  1.15385862e-21
 -8.10242282e-22 -1.16179199e-21  4.43447930e-22 -3.96398358e-22
 -1.47040576e-21  8.12132385e-22  2.00607265e-21  1.47242558e-21
  8.31248112e-22  7.47853278e-22  1.07005041e-21  1.10031217e-21
  1.99358223e-21  1.38634006e-22  1.00914040e-21 -1.21921352e-22
  3.80091981e-22  9.56874009e-22  1.35778298e-21  2.32466049e-21
 -1.16640500e-21  1.36093273e-21  1.68553876e-23  5.22771263e-23
 -1.22440795e-21 -1.23431081e-21  8.21390829e-22  2.01782629e-21
  7.99520717e-22 -4.66764543e-22 -8.02195216e-22 -4.85117811e-22
 -6.03996121e-22 -2.51399055e-22 -2.48413652e-21 -1.69067241e-21
  4.23795763e-22 -1.71700958e-21 -1.07500631e-21 -5.20681837e-22
 -9.19365633e-22 -1.80922418e-21 -6.83644770e-22 -2.09786290e-21
 -8.78089846e-22 -2.42121966e-21  7.69956973e-22 -2.06370651e-21
 -1.26402464e-21 -2.23000418e-21 -1.79459524e-21 -1.26970321e-21
 -3.32783677e-21 -1.11941511e-21 -2.68346470e-21 -7.82064236e-22
 -1.13529076e-21  3.56173347e-22 -7.34450746e-23 -1.98915700e-21
 -1.70385286e-22  1.82879723e-22 -1.19865729e-21  1.41186866e-22
 -1.03610982e-21 -4.17850591e-22 -6.37023462e-22  1.90197894e-21
  1.06125535e-21 -1.45100804e-21  6.43173511e-22  2.17550422e-21
  6.10440099e-22  1.47457899e-21  7.96596588e-22  1.14647141e-21
  2.13210593e-21  1.27385625e-21  1.58116749e-21 -7.35736086e-22
  5.34274778e-22  2.14171186e-21  2.48387486e-21  1.38254487e-21
  3.77501657e-22  1.56777636e-21  5.79063254e-22  9.79060947e-22
 -1.65757401e-22 -7.77022131e-22  8.09860356e-22  8.20706136e-22
  1.20929963e-22  8.66595143e-23 -9.69353650e-22 -9.03530943e-22
 -1.29594181e-22 -4.20283838e-22  3.19015806e-22 -1.73932758e-21
 -2.20548942e-21  1.32382883e-21  3.47485835e-22 -1.00111687e-21
  5.88931567e-22 -3.84515673e-21 -1.55189787e-21 -3.06734588e-21
 -2.17187335e-21 -1.76993931e-21 -1.56774995e-21 -2.29016725e-21
 -1.61229889e-21 -6.33622978e-23 -1.89077831e-21 -3.06841037e-22
 -8.64769631e-24 -1.13346087e-22 -5.06018991e-22 -1.55196839e-21
 -8.21008852e-22  2.10503925e-22  5.61854773e-22 -3.38908203e-22
  7.26564102e-22 -5.53170136e-22  2.84147127e-22 -1.31616491e-21
  1.67189705e-21 -2.92750240e-22  1.71762890e-21  2.52847482e-21
 -2.76170719e-22 -5.10535676e-22  1.08109009e-21  6.11554337e-22
 -4.74319975e-22  1.06767405e-22  1.47214404e-21  1.37006295e-21
  1.49605756e-21  7.06443415e-23  2.13556798e-21  1.18393307e-21
  6.42375530e-22  1.67530222e-21  1.72022190e-21  1.18338584e-21
  5.26099939e-22  2.72774513e-21  5.16453270e-22  6.83091325e-22
  8.19006306e-22  1.75967770e-21  5.61574578e-22  4.89667870e-22
 -6.37745088e-22 -1.20450675e-21 -1.59107906e-21 -2.87480540e-21
 -2.01351545e-22  9.97611753e-22 -1.51791003e-21 -1.80151416e-21
 -1.15370482e-21 -2.28497306e-21 -5.70404002e-22 -1.89313448e-21
 -5.34616319e-24 -1.71882207e-21  2.87635681e-22 -1.42200420e-21
 -1.80764344e-21 -1.10301570e-21 -1.93137765e-21 -1.35962601e-21
  1.19917345e-22 -8.58046566e-22 -2.62835038e-22  4.03398164e-22
  7.20240474e-22 -1.47499978e-21  1.07540750e-22  3.11851676e-22
  7.72132398e-23  6.06121266e-22  5.51935552e-22  1.78872382e-21
  2.63557010e-25  9.31157939e-22  3.06792265e-21  4.76122417e-22
  1.49262621e-21  1.18383660e-21  3.34842496e-21  1.10013536e-21
  1.06871695e-21  1.23374703e-21  2.51094400e-21  1.10414888e-21
  7.95680528e-22  3.22976241e-21  1.86132413e-21  1.06144194e-21
  1.27143455e-21  1.03164549e-21  5.36960291e-22 -1.51299234e-22
  9.91722207e-23 -1.54086513e-22  1.25715746e-21  9.76347433e-22
  2.05954745e-22  6.49041086e-22 -1.09779594e-21  1.62786929e-22
  7.97535335e-23  2.40155626e-21 -2.06734730e-21  4.52382640e-22
 -8.13436406e-22 -1.86635474e-21 -8.23793125e-22 -8.95632401e-22
 -1.28984357e-21  3.26221774e-22 -2.11770463e-21 -4.79161709e-22
 -1.27563602e-21 -6.91452490e-22 -1.10893190e-21  7.98261538e-22
 -2.21787779e-21 -2.65096048e-21 -1.80737698e-21 -2.20990570e-22
 -1.12410618e-21 -7.38214273e-22 -6.20913762e-22  2.09551034e-21
  1.01733330e-22 -2.39241133e-22 -7.70545842e-22 -2.74360977e-22
  2.43322148e-21 -1.76022874e-21 -3.53005789e-22  1.52507334e-21
  8.04401757e-22  2.30855508e-21  1.03957454e-21  1.19786948e-21
  1.10692527e-21  7.43717084e-22 -6.97221863e-22  2.35241910e-21
  1.26409675e-21  6.19564958e-22 -8.86821400e-23  7.26154627e-22
  4.12597873e-22  1.32867119e-21  2.65741597e-21  4.79692103e-23
  8.07660940e-22  1.13349895e-21  6.04520990e-23  3.05480067e-22
  2.41683935e-22 -1.92035614e-21  6.78448935e-22  2.70569029e-22
  7.21329566e-22 -9.94946100e-22  2.68926793e-22  8.12234720e-22
 -9.75243564e-22  7.29124703e-22 -6.98900259e-22  2.44118532e-22
 -4.13212699e-23 -1.17765013e-21 -7.88900165e-22 -4.84491809e-22
 -1.04326824e-21 -3.59364344e-22 -3.57806531e-21 -3.57173248e-21
 -1.21973173e-21 -4.12808274e-22  7.27983633e-23 -1.29584496e-21
 -1.58653715e-21  5.02314962e-22 -1.58057257e-21 -1.47291573e-22
 -1.39998828e-22 -6.32288108e-22 -1.24585369e-21  5.33464572e-22
  2.67170434e-24 -4.68296940e-22  9.39666831e-22  5.12615554e-22
 -7.13114598e-22  1.09518832e-21  8.51117958e-22  8.53791234e-22
 -3.97112381e-22  1.61160439e-21  4.80332291e-22  1.44718031e-21
  3.65793667e-21  5.90440678e-22  1.99639486e-21  9.05636922e-22
  1.88012298e-21  1.95117567e-21  2.21706652e-21  1.44964197e-21
  1.41438553e-21  1.41426273e-22  3.22454716e-21  5.54615095e-22
  6.42674903e-22 -1.86519304e-21 -2.38931673e-22  9.47049946e-22
  3.24735633e-23  2.65300128e-22  3.62975125e-22  1.34372339e-22
 -1.86349887e-21  3.42080040e-22  2.44916870e-22 -7.57786347e-22
 -4.95008243e-22 -4.55988050e-22 -9.54395249e-22 -8.58127273e-23
 -6.15605583e-22 -8.68812739e-22 -1.11577167e-22 -2.43712507e-21
 -4.57229500e-22 -2.34828713e-22 -1.48050571e-21 -2.63596061e-21
 -2.97025381e-21 -6.28529539e-22 -6.83293751e-22 -2.44229006e-21
 -1.20149288e-21  7.40263864e-22  7.03671885e-22 -7.38712495e-22
  1.29356688e-21  2.75535917e-22 -1.67909864e-21 -5.32105716e-22
  2.46093785e-22  1.89340082e-21  2.11057740e-21  1.06631126e-21
 -4.86638571e-22  1.92904374e-21  4.13464213e-23  2.11930758e-21
  4.17823503e-22  6.49172449e-22 -6.02710501e-22  1.08565771e-21
  8.85283653e-22  1.32925535e-21 -2.89352032e-22  2.28635243e-21
  3.59994126e-21 -2.46007586e-22  1.42216006e-21  1.40110694e-21
 -5.63443440e-23  3.09514647e-22  2.14267481e-21 -1.58309257e-21
 -2.57798017e-22  3.33959407e-22  2.00757597e-22  6.22181704e-23
  1.08395865e-22 -9.81276827e-22 -1.37862180e-21 -2.40539993e-21
 -1.61801752e-21  7.60345588e-23 -2.23925348e-21  1.54754246e-22
 -7.49499629e-22 -1.89719105e-21 -1.83759057e-21 -5.53177083e-22
 -1.14505729e-21 -1.29371058e-21 -2.34910640e-21 -3.75173846e-22
 -1.17723709e-21 -1.72223041e-21 -7.88762679e-22 -1.80373292e-21
 -6.70588705e-22 -6.58121803e-22 -1.54092793e-21 -5.27360357e-22
 -2.78779960e-21 -9.11255516e-22 -2.48732481e-22  2.27460613e-22
  6.91487742e-22  4.75305207e-22  7.53379243e-22  1.42772004e-21
  2.14637993e-21  3.37585357e-21  8.16178515e-22  9.06488070e-22
  2.19018851e-21  1.04043559e-21  1.26566733e-21  3.72789313e-22
  2.03776108e-21  2.26365177e-21  2.36876189e-21  8.70017809e-23
 -1.48004339e-21 -5.07594462e-22 -1.82679639e-22  1.07557005e-21
  1.65200688e-21  1.04524955e-21 -7.79890496e-22 -9.66034301e-22
  1.09796052e-21  2.21060002e-22  2.58349962e-22  3.86952459e-22
 -1.14053843e-21 -1.15607098e-21 -2.65429804e-21 -1.10926217e-21
 -1.18467506e-21 -9.68910447e-22 -8.97127074e-22 -1.68048497e-21
 -2.19132512e-21 -1.58825373e-21 -9.28209294e-22 -2.47345478e-21
 -1.72210077e-21 -7.72257858e-22 -1.52425393e-21 -1.54782042e-21
  2.55960078e-22 -2.14058901e-21  5.03511602e-22 -2.31617609e-21
 -1.83260843e-21 -6.88052073e-22 -1.79752059e-21 -1.81594211e-23
 -4.99097665e-22  2.12311343e-22  7.96828981e-22  6.97120922e-22
 -7.01240673e-22  1.05698045e-21  2.87785215e-21  4.59709101e-22
  9.37052662e-23  9.33855100e-22  1.98345069e-21  2.22855772e-21
 -3.78844659e-22  9.76784728e-22  2.01624674e-21  2.48776832e-21
 -3.40947276e-22  5.64015558e-22 -2.20749567e-23  1.65030213e-21
  3.89800462e-22  1.36689010e-21 -2.83277067e-22  1.05541033e-21
 -5.42881834e-22  4.29799655e-22 -8.62549279e-22  5.40354709e-22
 -6.55184309e-22  8.97612526e-22 -8.31122256e-22 -2.14897211e-21
 -1.50663029e-21 -6.88611493e-22 -1.52522503e-21 -2.14074063e-21
 -4.53491314e-22 -1.04801533e-21 -3.66382415e-22 -1.74756329e-21
  5.30279362e-22 -1.45637437e-21 -2.10558800e-21 -1.31748740e-21
 -1.13793119e-21 -8.64674489e-22 -7.00325678e-22 -2.17529125e-22
 -7.85794621e-22 -8.90036668e-22  1.40560997e-22 -6.19464486e-22
  1.82545271e-21  7.44222955e-22  8.94985140e-22  7.48747454e-22
 -2.80902631e-22  1.38322975e-21  2.18762522e-21  1.85671178e-21
 -2.50949304e-22  1.69096610e-21  1.22591405e-21  1.70540801e-21
  3.14627895e-21  2.87032626e-22 -3.53617034e-22  1.04724175e-21
  1.65776736e-21  1.24982562e-21  1.14873135e-22  1.73440689e-21
  9.05604764e-22  9.51939720e-23  9.74377544e-22  4.62992190e-22
  1.54967913e-22  8.25735868e-23  6.39278004e-22 -3.14371652e-22
  7.41588920e-22  8.75346002e-22 -1.40031294e-21 -2.32141139e-22
 -6.89032967e-22 -5.21550387e-22 -6.70445368e-22 -1.76850889e-21
 -1.46137171e-21 -1.99140266e-21 -2.10172122e-21 -1.47157430e-21
 -8.92439753e-22 -1.20605770e-21 -1.06814171e-21 -2.81324148e-21
 -4.16224051e-23 -2.27042363e-21 -1.66838730e-21 -5.03491697e-22
  4.14407090e-22 -6.30125602e-22 -9.70724262e-22 -5.62918192e-22
 -1.65606827e-22  1.60918489e-21  1.46190147e-21 -4.67597204e-22
  9.20199449e-22  1.54307029e-21 -1.66941961e-23  1.43302262e-21
  3.11281593e-22  1.35721452e-21  2.07469715e-22 -1.35430068e-21
  6.26904815e-22  1.10040715e-21  9.24071597e-22  1.90362170e-21
  2.13547448e-21 -2.18278521e-22  3.82502599e-22  1.61777585e-21
  1.26989710e-21  2.37060167e-21  1.64548618e-22 -4.76950138e-22
  2.14051518e-21  5.22943069e-23 -1.44750811e-21 -2.41366132e-22
 -1.67722727e-21 -4.33796766e-22 -5.99555670e-22 -2.27311301e-21
 -1.15503362e-21  7.14221702e-23 -2.45111059e-21 -5.95353558e-22
 -2.92577600e-21 -2.68426663e-21  2.79840850e-22 -1.52612307e-21
 -1.95225581e-21 -1.73463107e-21 -1.79664066e-21 -1.35747095e-21
 -1.53799757e-21 -2.15976921e-21 -1.33990689e-21  8.59968770e-23
 -1.26063793e-21 -1.03104611e-21  6.62568214e-22  2.17544621e-21
  5.69335598e-22 -6.51639537e-22  8.45421004e-22  1.34302510e-21
  2.24217672e-22  6.75653260e-22  5.84242029e-23  1.64974989e-21
  1.17309268e-21  7.81707853e-22  1.42116406e-21  1.15077728e-21
  7.82655321e-22 -6.56109128e-22  5.69335661e-22 -3.50380995e-22
  3.37400129e-21  1.88350520e-21  2.24443435e-21 -7.36165673e-22
  8.51096002e-22  1.04818044e-22 -8.50891130e-22 -2.84236186e-22
 -8.59380312e-22 -1.35818150e-21 -1.41960292e-21 -7.83473809e-22
 -2.71485662e-21  3.52674184e-22 -1.60600572e-21 -2.42143531e-21
 -2.79257594e-21 -1.28542818e-21 -1.25509666e-21 -5.12673564e-22
 -4.67219809e-23  1.25172264e-21 -1.62004629e-21 -1.19113267e-21
 -3.69686700e-22  5.26214956e-22 -5.77439358e-22 -8.72718720e-22
  3.28085249e-22 -4.11001217e-22 -2.10615527e-21  1.14508413e-21
  2.91078420e-22  4.59680640e-22  3.07449992e-23  3.83570495e-22
  2.80058983e-21  3.54471682e-23  1.12152075e-21  3.51652858e-21
  1.03839090e-21  1.78095897e-21  9.50104296e-22  2.10295669e-21
  1.36694976e-21  2.04293730e-21  3.18514506e-21 -5.88987819e-23
  2.98722699e-21  2.17355757e-21  4.43448057e-22 -3.37880603e-22
  3.72079485e-22 -2.38436917e-22 -5.56045348e-22  8.25431466e-22
 -2.35662386e-21 -9.97923352e-22 -3.67902610e-22 -5.75732508e-22
 -9.73543949e-22 -1.90591999e-21 -1.18884041e-21 -1.43100286e-21
 -2.08538060e-21 -3.49432800e-23 -2.72960059e-21 -2.03940788e-21
 -1.21657163e-21 -1.95829244e-21 -1.59180232e-21 -1.71889643e-21
 -1.59560458e-21 -3.07673641e-22 -6.00473759e-22  8.96365197e-22
 -1.23989319e-21 -4.45435966e-22  1.96684820e-21 -6.03224143e-22
  4.06705861e-21  7.77524819e-22  7.21498296e-22  1.14180518e-21
  8.99410785e-22  1.30166001e-21  2.80955380e-22  1.31836351e-21
  1.16501538e-21  7.92431278e-22 -2.89804752e-22  1.88779818e-21
  9.75486086e-22  2.08603758e-21  1.00405805e-21  2.16908825e-22
  1.27746345e-21  6.22009367e-22  4.95831695e-23  5.13555792e-23
 -5.57028746e-22  2.46908848e-22 -1.02166564e-21  1.87580423e-21
 -2.06343242e-22  1.09764315e-21 -1.42127479e-22 -1.24511362e-21
 -2.12742641e-21 -1.60619678e-21 -1.51800464e-21 -9.55012202e-22
 -1.55888249e-21 -4.76431499e-22 -3.33556131e-21 -1.20771422e-21
 -1.20357703e-21 -1.81196510e-22 -1.80370361e-21 -2.26225628e-22
 -1.01124469e-21 -7.77375330e-22  9.33764914e-23  1.85288224e-21
 -2.52023971e-22 -1.05439144e-21  1.82432619e-21  1.39342558e-21
  1.05145511e-21  2.60405474e-21  2.99182824e-21  5.51744548e-22
  1.83661866e-21  1.78016407e-21  1.78671724e-21  1.38126900e-21
  2.46326601e-21  8.23973549e-22  1.35095050e-21  1.87962182e-21
  2.28262486e-21 -1.24936457e-23  3.76198368e-22  7.16027592e-23
  8.02847305e-22 -1.72439366e-21  2.11610711e-22  1.76772979e-23
 -3.26179179e-22 -3.81153811e-21  7.54300427e-22 -3.68592549e-22
 -2.23866496e-21 -2.09337317e-21 -1.54488409e-21 -1.40901722e-21
 -1.87078898e-21 -1.93624810e-21 -4.84075027e-22 -7.68456674e-22
 -1.91684339e-21 -9.22256275e-22  1.21460719e-21 -4.95126909e-23
  4.14275723e-22  1.99680332e-21 -7.04392374e-22  8.67041800e-22
  9.86691193e-22  3.78951947e-22  2.02346346e-22  1.57067270e-22
  1.31411742e-21  4.50448344e-22  9.57042329e-22  2.02609290e-21
  3.24204904e-21  2.24367618e-21  1.28637633e-21  1.16405058e-21
  3.08472368e-21  8.06400159e-22 -8.98220142e-23 -1.19541643e-21
 -1.26962036e-21 -9.95428978e-23 -1.70100963e-21  5.36583159e-23
 -3.56945046e-22 -2.65970344e-23  1.33726882e-22 -1.90733938e-21
 -5.71639518e-22 -1.76131504e-21 -3.44846016e-21 -2.47603489e-21
 -3.09922429e-21 -2.02653056e-22 -1.12709997e-21 -1.77122600e-21
  1.54247171e-22 -2.39200831e-21 -5.14821192e-22 -2.00914039e-21
 -3.01433553e-21 -2.47977024e-21 -1.40828673e-22 -4.25305706e-23
  5.46870386e-22  1.18972985e-21  9.85153109e-22 -3.18782895e-22
  2.18914870e-21  1.61666776e-21  3.87368001e-21  1.28972485e-21
  1.54952430e-21 -8.47480771e-22  1.75962658e-21  9.63852368e-22
  1.15874695e-21  7.91713019e-22  2.48371616e-21  6.26857195e-23
  1.37860740e-21  3.53874708e-22  6.88526374e-22  4.13225086e-23
  1.51014779e-22 -9.84224713e-22 -9.94496370e-23 -1.77864381e-23
  1.06351646e-22 -1.34985451e-21 -1.74090978e-21 -1.48413855e-21
 -2.17059714e-21 -2.22156149e-21 -1.31276496e-21 -3.27371544e-21
 -3.10746324e-21 -2.11401015e-21  2.40722462e-22 -2.23729952e-21
 -2.47313046e-21 -3.34705688e-21 -3.59200749e-22 -1.14092567e-21
 -1.20214634e-21 -4.09755882e-22 -9.73681543e-22  8.14708687e-22
  2.16322339e-21  2.26044185e-21  1.72154887e-21  2.04514496e-21
  1.79185826e-21  1.21821248e-21  1.83900519e-21  1.19271153e-21
  3.19851929e-21  1.50116779e-21  3.51914390e-21  5.64678614e-22
  1.65133763e-21  1.27251906e-21 -7.39787676e-22  1.17900915e-21
  1.34141605e-21 -7.90818249e-22  3.16815649e-22 -2.05087248e-21]
